{
 "cells": [
  {
   "cell_type": "markdown",
   "metadata": {
    "id": "HR9r5UOPBapX"
   },
   "source": [
    "# Exploratory Analysis for COVID19 [3 pts]\n",
    "\n",
    "Inspired by the paper of [Brinati et al. (2020)](https://zenodo.org/record/3886927#.X7Jy_ZMzbm1), I produce an exploratory analysis attempting to detect COVID-19 (SWAB) based on features such as gender, age, blood exams, etc. "
   ]
  },
  {
   "cell_type": "code",
   "execution_count": 1,
   "metadata": {},
   "outputs": [],
   "source": [
    "# Import basic libraries\n",
    "import pandas as pd\n",
    "import numpy as np\n",
    "import seaborn as sns\n",
    "import matplotlib.pyplot as plt\n",
    "import matplotlib\n",
    "\n",
    "%matplotlib inline\n",
    "\n",
    "matplotlib.style.use('seaborn-bright')"
   ]
  },
  {
   "cell_type": "code",
   "execution_count": 2,
   "metadata": {
    "id": "LYHaK2rtYydw"
   },
   "outputs": [],
   "source": [
    "# Import libraries and data needed.\n",
    "\n",
    "data = pd.read_excel('covid_study_v2.xlsx')"
   ]
  },
  {
   "cell_type": "code",
   "execution_count": 3,
   "metadata": {},
   "outputs": [
    {
     "data": {
      "text/html": [
       "<div>\n",
       "<style scoped>\n",
       "    .dataframe tbody tr th:only-of-type {\n",
       "        vertical-align: middle;\n",
       "    }\n",
       "\n",
       "    .dataframe tbody tr th {\n",
       "        vertical-align: top;\n",
       "    }\n",
       "\n",
       "    .dataframe thead th {\n",
       "        text-align: right;\n",
       "    }\n",
       "</style>\n",
       "<table border=\"1\" class=\"dataframe\">\n",
       "  <thead>\n",
       "    <tr style=\"text-align: right;\">\n",
       "      <th></th>\n",
       "      <th>GENDER</th>\n",
       "      <th>AGE</th>\n",
       "      <th>WBC</th>\n",
       "      <th>Platelets</th>\n",
       "      <th>Neutrophils</th>\n",
       "      <th>Lymphocytes</th>\n",
       "      <th>Monocytes</th>\n",
       "      <th>Eosinophils</th>\n",
       "      <th>Basophils</th>\n",
       "      <th>CRP</th>\n",
       "      <th>AST</th>\n",
       "      <th>ALT</th>\n",
       "      <th>ALP</th>\n",
       "      <th>GGT</th>\n",
       "      <th>LDH</th>\n",
       "      <th>SWAB</th>\n",
       "    </tr>\n",
       "  </thead>\n",
       "  <tbody>\n",
       "    <tr>\n",
       "      <th>275</th>\n",
       "      <td>M</td>\n",
       "      <td>26</td>\n",
       "      <td>4.7</td>\n",
       "      <td>44.0</td>\n",
       "      <td>NaN</td>\n",
       "      <td>NaN</td>\n",
       "      <td>NaN</td>\n",
       "      <td>NaN</td>\n",
       "      <td>NaN</td>\n",
       "      <td>47.5</td>\n",
       "      <td>30.0</td>\n",
       "      <td>44.0</td>\n",
       "      <td>110.0</td>\n",
       "      <td>93.0</td>\n",
       "      <td>175.0</td>\n",
       "      <td>0</td>\n",
       "    </tr>\n",
       "    <tr>\n",
       "      <th>276</th>\n",
       "      <td>F</td>\n",
       "      <td>44</td>\n",
       "      <td>15.7</td>\n",
       "      <td>356.0</td>\n",
       "      <td>NaN</td>\n",
       "      <td>NaN</td>\n",
       "      <td>NaN</td>\n",
       "      <td>NaN</td>\n",
       "      <td>NaN</td>\n",
       "      <td>2.4</td>\n",
       "      <td>31.0</td>\n",
       "      <td>17.0</td>\n",
       "      <td>NaN</td>\n",
       "      <td>NaN</td>\n",
       "      <td>272.0</td>\n",
       "      <td>0</td>\n",
       "    </tr>\n",
       "    <tr>\n",
       "      <th>277</th>\n",
       "      <td>F</td>\n",
       "      <td>41</td>\n",
       "      <td>12.0</td>\n",
       "      <td>321.0</td>\n",
       "      <td>6.7</td>\n",
       "      <td>2.3</td>\n",
       "      <td>1.6</td>\n",
       "      <td>1.3</td>\n",
       "      <td>0.1</td>\n",
       "      <td>41.2</td>\n",
       "      <td>16.0</td>\n",
       "      <td>11.0</td>\n",
       "      <td>201.0</td>\n",
       "      <td>14.0</td>\n",
       "      <td>266.0</td>\n",
       "      <td>0</td>\n",
       "    </tr>\n",
       "    <tr>\n",
       "      <th>278</th>\n",
       "      <td>M</td>\n",
       "      <td>53</td>\n",
       "      <td>17.9</td>\n",
       "      <td>272.0</td>\n",
       "      <td>14.1</td>\n",
       "      <td>2.1</td>\n",
       "      <td>1.5</td>\n",
       "      <td>0.2</td>\n",
       "      <td>0.1</td>\n",
       "      <td>123.9</td>\n",
       "      <td>13.0</td>\n",
       "      <td>10.0</td>\n",
       "      <td>NaN</td>\n",
       "      <td>NaN</td>\n",
       "      <td>258.0</td>\n",
       "      <td>0</td>\n",
       "    </tr>\n",
       "  </tbody>\n",
       "</table>\n",
       "</div>"
      ],
      "text/plain": [
       "    GENDER  AGE   WBC  Platelets  Neutrophils Lymphocytes  Monocytes  \\\n",
       "275      M   26   4.7       44.0          NaN         NaN        NaN   \n",
       "276      F   44  15.7      356.0          NaN         NaN        NaN   \n",
       "277      F   41  12.0      321.0          6.7         2.3        1.6   \n",
       "278      M   53  17.9      272.0         14.1         2.1        1.5   \n",
       "\n",
       "     Eosinophils  Basophils    CRP   AST   ALT    ALP   GGT    LDH  SWAB  \n",
       "275          NaN        NaN   47.5  30.0  44.0  110.0  93.0  175.0     0  \n",
       "276          NaN        NaN    2.4  31.0  17.0    NaN   NaN  272.0     0  \n",
       "277          1.3        0.1   41.2  16.0  11.0  201.0  14.0  266.0     0  \n",
       "278          0.2        0.1  123.9  13.0  10.0    NaN   NaN  258.0     0  "
      ]
     },
     "execution_count": 3,
     "metadata": {},
     "output_type": "execute_result"
    }
   ],
   "source": [
    "# Take a short overview of the data.\n",
    "\n",
    "data.tail(4)"
   ]
  },
  {
   "cell_type": "code",
   "execution_count": 4,
   "metadata": {},
   "outputs": [
    {
     "data": {
      "text/plain": [
       "GENDER           0\n",
       "AGE              0\n",
       "WBC              2\n",
       "Platelets        2\n",
       "Neutrophils     70\n",
       "Lymphocytes     70\n",
       "Monocytes       70\n",
       "Eosinophils     70\n",
       "Basophils       71\n",
       "CRP              6\n",
       "AST              2\n",
       "ALT             13\n",
       "ALP            148\n",
       "GGT            143\n",
       "LDH             85\n",
       "SWAB             0\n",
       "dtype: int64"
      ]
     },
     "execution_count": 4,
     "metadata": {},
     "output_type": "execute_result"
    }
   ],
   "source": [
    "# Sum the number of empty entries in each columns.\n",
    "\n",
    "data_isna_sum = data.isna().sum()\n",
    "data.isna().sum()"
   ]
  },
  {
   "cell_type": "code",
   "execution_count": 5,
   "metadata": {},
   "outputs": [
    {
     "data": {
      "text/plain": [
       "GENDER         0.000000\n",
       "AGE            0.000000\n",
       "WBC            0.007168\n",
       "Platelets      0.007168\n",
       "Neutrophils    0.250896\n",
       "Lymphocytes    0.250896\n",
       "Monocytes      0.250896\n",
       "Eosinophils    0.250896\n",
       "Basophils      0.254480\n",
       "CRP            0.021505\n",
       "AST            0.007168\n",
       "ALT            0.046595\n",
       "ALP            0.530466\n",
       "GGT            0.512545\n",
       "LDH            0.304659\n",
       "SWAB           0.000000\n",
       "dtype: float64"
      ]
     },
     "execution_count": 5,
     "metadata": {},
     "output_type": "execute_result"
    }
   ],
   "source": [
    "# Find the average empty entries in each columns.\n",
    "\n",
    "data_isna_mean = data.isna().mean()\n",
    "data.isna().mean()"
   ]
  },
  {
   "cell_type": "code",
   "execution_count": 6,
   "metadata": {},
   "outputs": [
    {
     "name": "stdout",
     "output_type": "stream",
     "text": [
      "The count of features that have a mean greater than 0 is : 13\n"
     ]
    }
   ],
   "source": [
    "# Find the count of features that have missing values.\n",
    "\n",
    "print( \"The count of features that have a mean greater than 0 is :\", len(data.isna().mean()[data.isna().mean() > 0]))"
   ]
  },
  {
   "cell_type": "code",
   "execution_count": 7,
   "metadata": {},
   "outputs": [
    {
     "data": {
      "text/html": [
       "<div>\n",
       "<style scoped>\n",
       "    .dataframe tbody tr th:only-of-type {\n",
       "        vertical-align: middle;\n",
       "    }\n",
       "\n",
       "    .dataframe tbody tr th {\n",
       "        vertical-align: top;\n",
       "    }\n",
       "\n",
       "    .dataframe thead th {\n",
       "        text-align: right;\n",
       "    }\n",
       "</style>\n",
       "<table border=\"1\" class=\"dataframe\">\n",
       "  <thead>\n",
       "    <tr style=\"text-align: right;\">\n",
       "      <th></th>\n",
       "      <th>Feature</th>\n",
       "      <th>N◦ of missing</th>\n",
       "      <th>% of missing on the total</th>\n",
       "    </tr>\n",
       "  </thead>\n",
       "  <tbody>\n",
       "    <tr>\n",
       "      <th>0</th>\n",
       "      <td>CRP</td>\n",
       "      <td>6</td>\n",
       "      <td>2.1</td>\n",
       "    </tr>\n",
       "    <tr>\n",
       "      <th>1</th>\n",
       "      <td>AST</td>\n",
       "      <td>2</td>\n",
       "      <td>0.7</td>\n",
       "    </tr>\n",
       "    <tr>\n",
       "      <th>2</th>\n",
       "      <td>ALT</td>\n",
       "      <td>13</td>\n",
       "      <td>4.6</td>\n",
       "    </tr>\n",
       "    <tr>\n",
       "      <th>3</th>\n",
       "      <td>GGT</td>\n",
       "      <td>143</td>\n",
       "      <td>51.2</td>\n",
       "    </tr>\n",
       "    <tr>\n",
       "      <th>4</th>\n",
       "      <td>LDH</td>\n",
       "      <td>85</td>\n",
       "      <td>30.4</td>\n",
       "    </tr>\n",
       "    <tr>\n",
       "      <th>5</th>\n",
       "      <td>WBC</td>\n",
       "      <td>2</td>\n",
       "      <td>0.7</td>\n",
       "    </tr>\n",
       "    <tr>\n",
       "      <th>6</th>\n",
       "      <td>Platelets</td>\n",
       "      <td>2</td>\n",
       "      <td>0.7</td>\n",
       "    </tr>\n",
       "    <tr>\n",
       "      <th>7</th>\n",
       "      <td>Neutrophils</td>\n",
       "      <td>70</td>\n",
       "      <td>25.0</td>\n",
       "    </tr>\n",
       "    <tr>\n",
       "      <th>8</th>\n",
       "      <td>Lymphocytes</td>\n",
       "      <td>70</td>\n",
       "      <td>25.0</td>\n",
       "    </tr>\n",
       "    <tr>\n",
       "      <th>9</th>\n",
       "      <td>Monocytes</td>\n",
       "      <td>70</td>\n",
       "      <td>25.0</td>\n",
       "    </tr>\n",
       "    <tr>\n",
       "      <th>10</th>\n",
       "      <td>Eosinophils</td>\n",
       "      <td>70</td>\n",
       "      <td>25.0</td>\n",
       "    </tr>\n",
       "    <tr>\n",
       "      <th>11</th>\n",
       "      <td>Basophils</td>\n",
       "      <td>71</td>\n",
       "      <td>25.4</td>\n",
       "    </tr>\n",
       "  </tbody>\n",
       "</table>\n",
       "</div>"
      ],
      "text/plain": [
       "        Feature  N◦ of missing  % of missing on the total\n",
       "0           CRP              6                        2.1\n",
       "1           AST              2                        0.7\n",
       "2           ALT             13                        4.6\n",
       "3           GGT            143                       51.2\n",
       "4           LDH             85                       30.4\n",
       "5           WBC              2                        0.7\n",
       "6     Platelets              2                        0.7\n",
       "7   Neutrophils             70                       25.0\n",
       "8   Lymphocytes             70                       25.0\n",
       "9     Monocytes             70                       25.0\n",
       "10  Eosinophils             70                       25.0\n",
       "11    Basophils             71                       25.4"
      ]
     },
     "execution_count": 7,
     "metadata": {},
     "output_type": "execute_result"
    }
   ],
   "source": [
    "# Import the data of Table 2 Features and missing values in the dataset published in the paper.\n",
    "\n",
    "data_paper = pd.DataFrame([['CRP',6,2.1],\n",
    "                            ['AST',2,0.7],\n",
    "                            ['ALT',13,4.6],\n",
    "                            ['GGT',143,51.2],\n",
    "                            ['LDH',85,30.4],\n",
    "                            ['WBC',2,0.7],\n",
    "                            ['Platelets',2,0.7],\n",
    "                            ['Neutrophils',70,25],\n",
    "                            ['Lymphocytes',70,25],\n",
    "                            ['Monocytes',70,25],\n",
    "                            ['Eosinophils',70,25],\n",
    "                            ['Basophils',71,25.4]],\n",
    "                            columns=['Feature', 'N◦ of missing', '% of missing on the total'])\n",
    "data_paper"
   ]
  },
  {
   "cell_type": "code",
   "execution_count": 8,
   "metadata": {},
   "outputs": [
    {
     "data": {
      "text/plain": [
       "False"
      ]
     },
     "execution_count": 8,
     "metadata": {},
     "output_type": "execute_result"
    }
   ],
   "source": [
    "# Check if the dataframes are equal.\n",
    "\n",
    "data.equals(data_paper)"
   ]
  },
  {
   "cell_type": "code",
   "execution_count": 9,
   "metadata": {},
   "outputs": [
    {
     "name": "stdout",
     "output_type": "stream",
     "text": [
      "The count of features included is : 12\n"
     ]
    }
   ],
   "source": [
    "# Find the count of features included.\n",
    "\n",
    "print( \"The count of features included is :\", len(data_paper))"
   ]
  },
  {
   "cell_type": "markdown",
   "metadata": {
    "id": "U7O9ViSQHoDl"
   },
   "source": [
    "I binarise the \"GENDER\" column (only 0s and 1s should be included). \n"
   ]
  },
  {
   "cell_type": "code",
   "execution_count": 10,
   "metadata": {},
   "outputs": [],
   "source": [
    "# Change in place the value gender from string to integer by settin 0 for male and 1 for female.\n",
    "\n",
    "data.GENDER.replace(['M','F'],[0,1],inplace=True)"
   ]
  },
  {
   "cell_type": "code",
   "execution_count": 11,
   "metadata": {
    "scrolled": true
   },
   "outputs": [
    {
     "data": {
      "text/html": [
       "<div>\n",
       "<style scoped>\n",
       "    .dataframe tbody tr th:only-of-type {\n",
       "        vertical-align: middle;\n",
       "    }\n",
       "\n",
       "    .dataframe tbody tr th {\n",
       "        vertical-align: top;\n",
       "    }\n",
       "\n",
       "    .dataframe thead th {\n",
       "        text-align: right;\n",
       "    }\n",
       "</style>\n",
       "<table border=\"1\" class=\"dataframe\">\n",
       "  <thead>\n",
       "    <tr style=\"text-align: right;\">\n",
       "      <th></th>\n",
       "      <th>GENDER</th>\n",
       "      <th>AGE</th>\n",
       "      <th>WBC</th>\n",
       "      <th>Platelets</th>\n",
       "      <th>Neutrophils</th>\n",
       "      <th>Lymphocytes</th>\n",
       "      <th>Monocytes</th>\n",
       "      <th>Eosinophils</th>\n",
       "      <th>Basophils</th>\n",
       "      <th>CRP</th>\n",
       "      <th>AST</th>\n",
       "      <th>ALT</th>\n",
       "      <th>ALP</th>\n",
       "      <th>GGT</th>\n",
       "      <th>LDH</th>\n",
       "      <th>SWAB</th>\n",
       "    </tr>\n",
       "  </thead>\n",
       "  <tbody>\n",
       "    <tr>\n",
       "      <th>0</th>\n",
       "      <td>0</td>\n",
       "      <td>56</td>\n",
       "      <td>2.9</td>\n",
       "      <td>128.0</td>\n",
       "      <td>1.9</td>\n",
       "      <td>0.8</td>\n",
       "      <td>0.2</td>\n",
       "      <td>0.0</td>\n",
       "      <td>0.0</td>\n",
       "      <td>29.0</td>\n",
       "      <td>36.0</td>\n",
       "      <td>18.0</td>\n",
       "      <td>43.0</td>\n",
       "      <td>21.0</td>\n",
       "      <td>257.0</td>\n",
       "      <td>1</td>\n",
       "    </tr>\n",
       "    <tr>\n",
       "      <th>1</th>\n",
       "      <td>0</td>\n",
       "      <td>56</td>\n",
       "      <td>3.5</td>\n",
       "      <td>151.0</td>\n",
       "      <td>2.1</td>\n",
       "      <td>0.9</td>\n",
       "      <td>0.4</td>\n",
       "      <td>0.0</td>\n",
       "      <td>0.0</td>\n",
       "      <td>16.5</td>\n",
       "      <td>25.0</td>\n",
       "      <td>14.0</td>\n",
       "      <td>50.0</td>\n",
       "      <td>17.0</td>\n",
       "      <td>207.0</td>\n",
       "      <td>1</td>\n",
       "    </tr>\n",
       "    <tr>\n",
       "      <th>2</th>\n",
       "      <td>0</td>\n",
       "      <td>72</td>\n",
       "      <td>4.6</td>\n",
       "      <td>206.0</td>\n",
       "      <td>NaN</td>\n",
       "      <td>NaN</td>\n",
       "      <td>NaN</td>\n",
       "      <td>NaN</td>\n",
       "      <td>NaN</td>\n",
       "      <td>193.7</td>\n",
       "      <td>31.0</td>\n",
       "      <td>22.0</td>\n",
       "      <td>NaN</td>\n",
       "      <td>NaN</td>\n",
       "      <td>NaN</td>\n",
       "      <td>1</td>\n",
       "    </tr>\n",
       "  </tbody>\n",
       "</table>\n",
       "</div>"
      ],
      "text/plain": [
       "   GENDER  AGE  WBC  Platelets  Neutrophils Lymphocytes  Monocytes  \\\n",
       "0       0   56  2.9      128.0          1.9         0.8        0.2   \n",
       "1       0   56  3.5      151.0          2.1         0.9        0.4   \n",
       "2       0   72  4.6      206.0          NaN         NaN        NaN   \n",
       "\n",
       "   Eosinophils  Basophils    CRP   AST   ALT   ALP   GGT    LDH  SWAB  \n",
       "0          0.0        0.0   29.0  36.0  18.0  43.0  21.0  257.0     1  \n",
       "1          0.0        0.0   16.5  25.0  14.0  50.0  17.0  207.0     1  \n",
       "2          NaN        NaN  193.7  31.0  22.0   NaN   NaN    NaN     1  "
      ]
     },
     "execution_count": 11,
     "metadata": {},
     "output_type": "execute_result"
    }
   ],
   "source": [
    "# Check a glimpse at the new dataset\n",
    "\n",
    "data.head(3)"
   ]
  },
  {
   "cell_type": "code",
   "execution_count": 12,
   "metadata": {},
   "outputs": [
    {
     "data": {
      "text/plain": [
       "279"
      ]
     },
     "execution_count": 12,
     "metadata": {},
     "output_type": "execute_result"
    }
   ],
   "source": [
    "len(data)"
   ]
  },
  {
   "cell_type": "markdown",
   "metadata": {
    "id": "3HQpc-zETWdN"
   },
   "source": [
    "I detect and replace any non-empty yet invalid values in all the columns (e.g., a non-integer in a column of integers)."
   ]
  },
  {
   "cell_type": "code",
   "execution_count": 13,
   "metadata": {
    "scrolled": true
   },
   "outputs": [
    {
     "name": "stdout",
     "output_type": "stream",
     "text": [
      "Value type Column                         Example Value\n",
      "-------------------------------------------------------\n",
      "-------------------------------------------------------\n",
      "int64    GENDER                         0\n",
      "int64    AGE                            56\n",
      "float64  WBC                            3.5\n",
      "float64  Platelets                      151.0\n",
      "float64  Neutrophils                    2.1\n",
      "object   Lymphocytes                    0.9\n",
      "float64  Monocytes                      0.4\n",
      "float64  Eosinophils                    0.0\n",
      "float64  Basophils                      0.0\n",
      "float64  CRP                            16.5\n",
      "float64  AST                            25.0\n",
      "float64  ALT                            14.0\n",
      "float64  ALP                            50.0\n",
      "float64  GGT                            17.0\n",
      "float64  LDH                            207.0\n",
      "int64    SWAB                           1\n"
     ]
    }
   ],
   "source": [
    "# Each column of the dataframe should be homogenous in itself, meaning it should include the same type of data\n",
    "# First I check what type of data each columns has.\n",
    "\n",
    "def check_columns_type(data):\n",
    "    prototype=\"%-8s %-30s %s\"\n",
    "    print(prototype % (\"Value type\", \"Column\", \"Example Value\"))\n",
    "    print(\"-\"*55)\n",
    "    print(\"-\"*55)\n",
    "    for c in data.columns:\n",
    "        print(prototype % (data[c].dtype, c, data[c].iloc[1]) )\n",
    "        \n",
    "check_columns_type(data)"
   ]
  },
  {
   "cell_type": "code",
   "execution_count": 14,
   "metadata": {},
   "outputs": [],
   "source": [
    "# I notice that the column Lymphocytes is of object type even though it should be float64.\n",
    "# We tranform it to numeric.\n",
    "\n",
    "data['Lymphocytes'] = pd.to_numeric(data['Lymphocytes'],errors='coerce')"
   ]
  },
  {
   "cell_type": "code",
   "execution_count": 15,
   "metadata": {
    "scrolled": true
   },
   "outputs": [
    {
     "name": "stdout",
     "output_type": "stream",
     "text": [
      "Value type Column                         Example Value\n",
      "-------------------------------------------------------\n",
      "-------------------------------------------------------\n",
      "int64    GENDER                         0\n",
      "int64    AGE                            56\n",
      "float64  WBC                            3.5\n",
      "float64  Platelets                      151.0\n",
      "float64  Neutrophils                    2.1\n",
      "float64  Lymphocytes                    0.9\n",
      "float64  Monocytes                      0.4\n",
      "float64  Eosinophils                    0.0\n",
      "float64  Basophils                      0.0\n",
      "float64  CRP                            16.5\n",
      "float64  AST                            25.0\n",
      "float64  ALT                            14.0\n",
      "float64  ALP                            50.0\n",
      "float64  GGT                            17.0\n",
      "float64  LDH                            207.0\n",
      "int64    SWAB                           1\n"
     ]
    }
   ],
   "source": [
    "# I re-check so as to ensure that the data are in the correct format\n",
    "\n",
    "# Each column of the dataframe should be homogenous in itself, meaning it should include the same type of data\n",
    "# First I check what type of data each columns has.\n",
    "\n",
    "def check_columns_type(data):\n",
    "    prototype=\"%-8s %-30s %s\"\n",
    "    print(prototype % (\"Value type\", \"Column\", \"Example Value\"))\n",
    "    print(\"-\"*55)\n",
    "    print(\"-\"*55)\n",
    "    for c in data.columns:\n",
    "        print(prototype % (data[c].dtype, c, data[c].iloc[1]) )\n",
    "        \n",
    "check_columns_type(data)"
   ]
  },
  {
   "cell_type": "markdown",
   "metadata": {
    "id": "Iv5vXR7sJ02p"
   },
   "source": [
    "* I plot a correlation heatmap"
   ]
  },
  {
   "cell_type": "code",
   "execution_count": 16,
   "metadata": {
    "scrolled": true
   },
   "outputs": [
    {
     "data": {
      "text/html": [
       "<div>\n",
       "<style scoped>\n",
       "    .dataframe tbody tr th:only-of-type {\n",
       "        vertical-align: middle;\n",
       "    }\n",
       "\n",
       "    .dataframe tbody tr th {\n",
       "        vertical-align: top;\n",
       "    }\n",
       "\n",
       "    .dataframe thead th {\n",
       "        text-align: right;\n",
       "    }\n",
       "</style>\n",
       "<table border=\"1\" class=\"dataframe\">\n",
       "  <thead>\n",
       "    <tr style=\"text-align: right;\">\n",
       "      <th></th>\n",
       "      <th>GENDER</th>\n",
       "      <th>AGE</th>\n",
       "      <th>WBC</th>\n",
       "      <th>Platelets</th>\n",
       "      <th>Neutrophils</th>\n",
       "      <th>Lymphocytes</th>\n",
       "      <th>Monocytes</th>\n",
       "      <th>Eosinophils</th>\n",
       "      <th>Basophils</th>\n",
       "      <th>CRP</th>\n",
       "      <th>AST</th>\n",
       "      <th>ALT</th>\n",
       "      <th>ALP</th>\n",
       "      <th>GGT</th>\n",
       "      <th>LDH</th>\n",
       "      <th>SWAB</th>\n",
       "    </tr>\n",
       "  </thead>\n",
       "  <tbody>\n",
       "    <tr>\n",
       "      <th>GENDER</th>\n",
       "      <td>1.000000</td>\n",
       "      <td>-0.035894</td>\n",
       "      <td>-0.035889</td>\n",
       "      <td>0.065346</td>\n",
       "      <td>-0.081779</td>\n",
       "      <td>0.205303</td>\n",
       "      <td>0.030198</td>\n",
       "      <td>0.069672</td>\n",
       "      <td>0.027425</td>\n",
       "      <td>-0.278734</td>\n",
       "      <td>-0.143065</td>\n",
       "      <td>-0.112718</td>\n",
       "      <td>0.121753</td>\n",
       "      <td>-0.067119</td>\n",
       "      <td>-0.121422</td>\n",
       "      <td>-0.249735</td>\n",
       "    </tr>\n",
       "    <tr>\n",
       "      <th>AGE</th>\n",
       "      <td>-0.035894</td>\n",
       "      <td>1.000000</td>\n",
       "      <td>0.102588</td>\n",
       "      <td>-0.169922</td>\n",
       "      <td>0.120493</td>\n",
       "      <td>-0.267311</td>\n",
       "      <td>0.033564</td>\n",
       "      <td>-0.111213</td>\n",
       "      <td>-0.074366</td>\n",
       "      <td>0.112145</td>\n",
       "      <td>-0.000950</td>\n",
       "      <td>-0.072027</td>\n",
       "      <td>0.005807</td>\n",
       "      <td>-0.024308</td>\n",
       "      <td>0.233535</td>\n",
       "      <td>0.087642</td>\n",
       "    </tr>\n",
       "    <tr>\n",
       "      <th>WBC</th>\n",
       "      <td>-0.035889</td>\n",
       "      <td>0.102588</td>\n",
       "      <td>1.000000</td>\n",
       "      <td>0.410903</td>\n",
       "      <td>0.949853</td>\n",
       "      <td>0.154576</td>\n",
       "      <td>0.571743</td>\n",
       "      <td>0.170262</td>\n",
       "      <td>0.501879</td>\n",
       "      <td>0.257293</td>\n",
       "      <td>0.166680</td>\n",
       "      <td>0.070221</td>\n",
       "      <td>0.133253</td>\n",
       "      <td>0.087659</td>\n",
       "      <td>0.359851</td>\n",
       "      <td>-0.195186</td>\n",
       "    </tr>\n",
       "    <tr>\n",
       "      <th>Platelets</th>\n",
       "      <td>0.065346</td>\n",
       "      <td>-0.169922</td>\n",
       "      <td>0.410903</td>\n",
       "      <td>1.000000</td>\n",
       "      <td>0.303087</td>\n",
       "      <td>0.168100</td>\n",
       "      <td>0.300559</td>\n",
       "      <td>0.237937</td>\n",
       "      <td>0.317986</td>\n",
       "      <td>0.083421</td>\n",
       "      <td>0.030870</td>\n",
       "      <td>0.145952</td>\n",
       "      <td>0.185051</td>\n",
       "      <td>0.236455</td>\n",
       "      <td>0.132384</td>\n",
       "      <td>-0.047264</td>\n",
       "    </tr>\n",
       "    <tr>\n",
       "      <th>Neutrophils</th>\n",
       "      <td>-0.081779</td>\n",
       "      <td>0.120493</td>\n",
       "      <td>0.949853</td>\n",
       "      <td>0.303087</td>\n",
       "      <td>1.000000</td>\n",
       "      <td>-0.075193</td>\n",
       "      <td>0.434948</td>\n",
       "      <td>0.060161</td>\n",
       "      <td>0.433769</td>\n",
       "      <td>0.352394</td>\n",
       "      <td>0.241553</td>\n",
       "      <td>0.124421</td>\n",
       "      <td>0.062913</td>\n",
       "      <td>0.091343</td>\n",
       "      <td>0.366790</td>\n",
       "      <td>-0.153678</td>\n",
       "    </tr>\n",
       "    <tr>\n",
       "      <th>Lymphocytes</th>\n",
       "      <td>0.205303</td>\n",
       "      <td>-0.267311</td>\n",
       "      <td>0.154576</td>\n",
       "      <td>0.168100</td>\n",
       "      <td>-0.075193</td>\n",
       "      <td>1.000000</td>\n",
       "      <td>0.305444</td>\n",
       "      <td>0.265283</td>\n",
       "      <td>0.253642</td>\n",
       "      <td>-0.324145</td>\n",
       "      <td>-0.168608</td>\n",
       "      <td>-0.130666</td>\n",
       "      <td>0.052114</td>\n",
       "      <td>-0.062801</td>\n",
       "      <td>-0.281676</td>\n",
       "      <td>-0.255215</td>\n",
       "    </tr>\n",
       "    <tr>\n",
       "      <th>Monocytes</th>\n",
       "      <td>0.030198</td>\n",
       "      <td>0.033564</td>\n",
       "      <td>0.571743</td>\n",
       "      <td>0.300559</td>\n",
       "      <td>0.434948</td>\n",
       "      <td>0.305444</td>\n",
       "      <td>1.000000</td>\n",
       "      <td>0.230279</td>\n",
       "      <td>0.367889</td>\n",
       "      <td>-0.066332</td>\n",
       "      <td>-0.074981</td>\n",
       "      <td>-0.017995</td>\n",
       "      <td>0.022926</td>\n",
       "      <td>-0.078333</td>\n",
       "      <td>-0.170563</td>\n",
       "      <td>-0.264875</td>\n",
       "    </tr>\n",
       "    <tr>\n",
       "      <th>Eosinophils</th>\n",
       "      <td>0.069672</td>\n",
       "      <td>-0.111213</td>\n",
       "      <td>0.170262</td>\n",
       "      <td>0.237937</td>\n",
       "      <td>0.060161</td>\n",
       "      <td>0.265283</td>\n",
       "      <td>0.230279</td>\n",
       "      <td>1.000000</td>\n",
       "      <td>0.424574</td>\n",
       "      <td>-0.038679</td>\n",
       "      <td>0.038946</td>\n",
       "      <td>0.022065</td>\n",
       "      <td>0.169621</td>\n",
       "      <td>0.022376</td>\n",
       "      <td>-0.118227</td>\n",
       "      <td>-0.213475</td>\n",
       "    </tr>\n",
       "    <tr>\n",
       "      <th>Basophils</th>\n",
       "      <td>0.027425</td>\n",
       "      <td>-0.074366</td>\n",
       "      <td>0.501879</td>\n",
       "      <td>0.317986</td>\n",
       "      <td>0.433769</td>\n",
       "      <td>0.253642</td>\n",
       "      <td>0.367889</td>\n",
       "      <td>0.424574</td>\n",
       "      <td>1.000000</td>\n",
       "      <td>0.014646</td>\n",
       "      <td>0.197643</td>\n",
       "      <td>0.168447</td>\n",
       "      <td>0.031252</td>\n",
       "      <td>0.062178</td>\n",
       "      <td>0.013464</td>\n",
       "      <td>-0.136228</td>\n",
       "    </tr>\n",
       "    <tr>\n",
       "      <th>CRP</th>\n",
       "      <td>-0.278734</td>\n",
       "      <td>0.112145</td>\n",
       "      <td>0.257293</td>\n",
       "      <td>0.083421</td>\n",
       "      <td>0.352394</td>\n",
       "      <td>-0.324145</td>\n",
       "      <td>-0.066332</td>\n",
       "      <td>-0.038679</td>\n",
       "      <td>0.014646</td>\n",
       "      <td>1.000000</td>\n",
       "      <td>0.288562</td>\n",
       "      <td>0.081042</td>\n",
       "      <td>-0.005511</td>\n",
       "      <td>0.093661</td>\n",
       "      <td>0.478846</td>\n",
       "      <td>0.226312</td>\n",
       "    </tr>\n",
       "    <tr>\n",
       "      <th>AST</th>\n",
       "      <td>-0.143065</td>\n",
       "      <td>-0.000950</td>\n",
       "      <td>0.166680</td>\n",
       "      <td>0.030870</td>\n",
       "      <td>0.241553</td>\n",
       "      <td>-0.168608</td>\n",
       "      <td>-0.074981</td>\n",
       "      <td>0.038946</td>\n",
       "      <td>0.197643</td>\n",
       "      <td>0.288562</td>\n",
       "      <td>1.000000</td>\n",
       "      <td>0.744532</td>\n",
       "      <td>0.363069</td>\n",
       "      <td>0.659550</td>\n",
       "      <td>0.585055</td>\n",
       "      <td>0.214309</td>\n",
       "    </tr>\n",
       "    <tr>\n",
       "      <th>ALT</th>\n",
       "      <td>-0.112718</td>\n",
       "      <td>-0.072027</td>\n",
       "      <td>0.070221</td>\n",
       "      <td>0.145952</td>\n",
       "      <td>0.124421</td>\n",
       "      <td>-0.130666</td>\n",
       "      <td>-0.017995</td>\n",
       "      <td>0.022065</td>\n",
       "      <td>0.168447</td>\n",
       "      <td>0.081042</td>\n",
       "      <td>0.744532</td>\n",
       "      <td>1.000000</td>\n",
       "      <td>0.294873</td>\n",
       "      <td>0.546285</td>\n",
       "      <td>0.284279</td>\n",
       "      <td>0.202167</td>\n",
       "    </tr>\n",
       "    <tr>\n",
       "      <th>ALP</th>\n",
       "      <td>0.121753</td>\n",
       "      <td>0.005807</td>\n",
       "      <td>0.133253</td>\n",
       "      <td>0.185051</td>\n",
       "      <td>0.062913</td>\n",
       "      <td>0.052114</td>\n",
       "      <td>0.022926</td>\n",
       "      <td>0.169621</td>\n",
       "      <td>0.031252</td>\n",
       "      <td>-0.005511</td>\n",
       "      <td>0.363069</td>\n",
       "      <td>0.294873</td>\n",
       "      <td>1.000000</td>\n",
       "      <td>0.831245</td>\n",
       "      <td>0.085177</td>\n",
       "      <td>-0.071044</td>\n",
       "    </tr>\n",
       "    <tr>\n",
       "      <th>GGT</th>\n",
       "      <td>-0.067119</td>\n",
       "      <td>-0.024308</td>\n",
       "      <td>0.087659</td>\n",
       "      <td>0.236455</td>\n",
       "      <td>0.091343</td>\n",
       "      <td>-0.062801</td>\n",
       "      <td>-0.078333</td>\n",
       "      <td>0.022376</td>\n",
       "      <td>0.062178</td>\n",
       "      <td>0.093661</td>\n",
       "      <td>0.659550</td>\n",
       "      <td>0.546285</td>\n",
       "      <td>0.831245</td>\n",
       "      <td>1.000000</td>\n",
       "      <td>0.231265</td>\n",
       "      <td>0.064119</td>\n",
       "    </tr>\n",
       "    <tr>\n",
       "      <th>LDH</th>\n",
       "      <td>-0.121422</td>\n",
       "      <td>0.233535</td>\n",
       "      <td>0.359851</td>\n",
       "      <td>0.132384</td>\n",
       "      <td>0.366790</td>\n",
       "      <td>-0.281676</td>\n",
       "      <td>-0.170563</td>\n",
       "      <td>-0.118227</td>\n",
       "      <td>0.013464</td>\n",
       "      <td>0.478846</td>\n",
       "      <td>0.585055</td>\n",
       "      <td>0.284279</td>\n",
       "      <td>0.085177</td>\n",
       "      <td>0.231265</td>\n",
       "      <td>1.000000</td>\n",
       "      <td>0.372999</td>\n",
       "    </tr>\n",
       "    <tr>\n",
       "      <th>SWAB</th>\n",
       "      <td>-0.249735</td>\n",
       "      <td>0.087642</td>\n",
       "      <td>-0.195186</td>\n",
       "      <td>-0.047264</td>\n",
       "      <td>-0.153678</td>\n",
       "      <td>-0.255215</td>\n",
       "      <td>-0.264875</td>\n",
       "      <td>-0.213475</td>\n",
       "      <td>-0.136228</td>\n",
       "      <td>0.226312</td>\n",
       "      <td>0.214309</td>\n",
       "      <td>0.202167</td>\n",
       "      <td>-0.071044</td>\n",
       "      <td>0.064119</td>\n",
       "      <td>0.372999</td>\n",
       "      <td>1.000000</td>\n",
       "    </tr>\n",
       "  </tbody>\n",
       "</table>\n",
       "</div>"
      ],
      "text/plain": [
       "               GENDER       AGE       WBC  Platelets  Neutrophils  \\\n",
       "GENDER       1.000000 -0.035894 -0.035889   0.065346    -0.081779   \n",
       "AGE         -0.035894  1.000000  0.102588  -0.169922     0.120493   \n",
       "WBC         -0.035889  0.102588  1.000000   0.410903     0.949853   \n",
       "Platelets    0.065346 -0.169922  0.410903   1.000000     0.303087   \n",
       "Neutrophils -0.081779  0.120493  0.949853   0.303087     1.000000   \n",
       "Lymphocytes  0.205303 -0.267311  0.154576   0.168100    -0.075193   \n",
       "Monocytes    0.030198  0.033564  0.571743   0.300559     0.434948   \n",
       "Eosinophils  0.069672 -0.111213  0.170262   0.237937     0.060161   \n",
       "Basophils    0.027425 -0.074366  0.501879   0.317986     0.433769   \n",
       "CRP         -0.278734  0.112145  0.257293   0.083421     0.352394   \n",
       "AST         -0.143065 -0.000950  0.166680   0.030870     0.241553   \n",
       "ALT         -0.112718 -0.072027  0.070221   0.145952     0.124421   \n",
       "ALP          0.121753  0.005807  0.133253   0.185051     0.062913   \n",
       "GGT         -0.067119 -0.024308  0.087659   0.236455     0.091343   \n",
       "LDH         -0.121422  0.233535  0.359851   0.132384     0.366790   \n",
       "SWAB        -0.249735  0.087642 -0.195186  -0.047264    -0.153678   \n",
       "\n",
       "             Lymphocytes  Monocytes  Eosinophils  Basophils       CRP  \\\n",
       "GENDER          0.205303   0.030198     0.069672   0.027425 -0.278734   \n",
       "AGE            -0.267311   0.033564    -0.111213  -0.074366  0.112145   \n",
       "WBC             0.154576   0.571743     0.170262   0.501879  0.257293   \n",
       "Platelets       0.168100   0.300559     0.237937   0.317986  0.083421   \n",
       "Neutrophils    -0.075193   0.434948     0.060161   0.433769  0.352394   \n",
       "Lymphocytes     1.000000   0.305444     0.265283   0.253642 -0.324145   \n",
       "Monocytes       0.305444   1.000000     0.230279   0.367889 -0.066332   \n",
       "Eosinophils     0.265283   0.230279     1.000000   0.424574 -0.038679   \n",
       "Basophils       0.253642   0.367889     0.424574   1.000000  0.014646   \n",
       "CRP            -0.324145  -0.066332    -0.038679   0.014646  1.000000   \n",
       "AST            -0.168608  -0.074981     0.038946   0.197643  0.288562   \n",
       "ALT            -0.130666  -0.017995     0.022065   0.168447  0.081042   \n",
       "ALP             0.052114   0.022926     0.169621   0.031252 -0.005511   \n",
       "GGT            -0.062801  -0.078333     0.022376   0.062178  0.093661   \n",
       "LDH            -0.281676  -0.170563    -0.118227   0.013464  0.478846   \n",
       "SWAB           -0.255215  -0.264875    -0.213475  -0.136228  0.226312   \n",
       "\n",
       "                  AST       ALT       ALP       GGT       LDH      SWAB  \n",
       "GENDER      -0.143065 -0.112718  0.121753 -0.067119 -0.121422 -0.249735  \n",
       "AGE         -0.000950 -0.072027  0.005807 -0.024308  0.233535  0.087642  \n",
       "WBC          0.166680  0.070221  0.133253  0.087659  0.359851 -0.195186  \n",
       "Platelets    0.030870  0.145952  0.185051  0.236455  0.132384 -0.047264  \n",
       "Neutrophils  0.241553  0.124421  0.062913  0.091343  0.366790 -0.153678  \n",
       "Lymphocytes -0.168608 -0.130666  0.052114 -0.062801 -0.281676 -0.255215  \n",
       "Monocytes   -0.074981 -0.017995  0.022926 -0.078333 -0.170563 -0.264875  \n",
       "Eosinophils  0.038946  0.022065  0.169621  0.022376 -0.118227 -0.213475  \n",
       "Basophils    0.197643  0.168447  0.031252  0.062178  0.013464 -0.136228  \n",
       "CRP          0.288562  0.081042 -0.005511  0.093661  0.478846  0.226312  \n",
       "AST          1.000000  0.744532  0.363069  0.659550  0.585055  0.214309  \n",
       "ALT          0.744532  1.000000  0.294873  0.546285  0.284279  0.202167  \n",
       "ALP          0.363069  0.294873  1.000000  0.831245  0.085177 -0.071044  \n",
       "GGT          0.659550  0.546285  0.831245  1.000000  0.231265  0.064119  \n",
       "LDH          0.585055  0.284279  0.085177  0.231265  1.000000  0.372999  \n",
       "SWAB         0.214309  0.202167 -0.071044  0.064119  0.372999  1.000000  "
      ]
     },
     "execution_count": 16,
     "metadata": {},
     "output_type": "execute_result"
    }
   ],
   "source": [
    "data.corr()"
   ]
  },
  {
   "cell_type": "code",
   "execution_count": 17,
   "metadata": {
    "scrolled": true
   },
   "outputs": [
    {
     "data": {
      "text/plain": [
       "Text(0.5, 1.0, 'Correlation Heatmap')"
      ]
     },
     "execution_count": 17,
     "metadata": {},
     "output_type": "execute_result"
    },
